0.00000000e0
1.60283160e1
8.66550190e0
1.21943865e2
1.37521133e2
7.85590027e1
8.30542088e1
4.30717298e1
1.55990773e2
3.89803934e2
1.21756408e2
1.72165256e2
4.26701610e2
4.76660960e2
4.62275352e2
3.03501436e2
3.56351089e2
4.95568967e2
4.95439471e2
5.00000000e2
3.34922382e2
3.72783359e2
4.36258711e2
0.00000000e0
1.06257112e2
2.48981796e2
4.74447973e2
4.84979967e2
2.74911014e1
1.05262624e2
4.66093589e2
4.99079255e2
0.00000000e0
7.81108636e1
2.14984223e2
4.56144923e2
5.00000000e2
1.26012777e2
2.78156560e2
3.80871198e2
0.00000000e0
0.00000000e0
2.02451309e2
5.00000000e2
5.00000000e2
0.00000000e2
5.00000000e2
2.36028469e2
5.81202127e-4
5.00000000e2
