0.000000000000000000e+00
0.000000000000000000e+00
9.108797711357145488e+01
2.450096101101884116e+01
1.266304708221595376e+02
5.414797662491612584e+01
2.569769334846760671e+02
1.780207774299713606e+02
2.895944584478953630e+02
2.168973798791774357e+02
2.993910690989026193e+02
2.744074636519267187e+02
7.739154855767424124e+01
2.240225687627319076e+02
6.103578466383093115e+01
1.342242926345487888e+02
2.018630254403158233e+02
2.814574642139480147e+02
0.000000000000000000e+00
6.684937872197525621e+01
2.514942631947087648e+02
2.853466449250860819e+02
6.043987930086781546e+01
1.576843506384338127e+02
0.000000000000000000e+00
0.000000000000000000e+00
3.000000000000000000e+02
3.000000000000000000e+02
0.000000000000000000e+00
3.000000000000000000e+02
0.000000000000000000e+00
3.000000000000000000e+02
