3.368386589303071105e+03
3.377998711259011088e+03
3.374802523237885907e+03
3.377998711259013817e+03
3.373461875518616580e+03
3.354170716903661742e+03
3.364704424798055243e+03
3.352025037536112904e+03
3.343980969082158936e+03
3.357878937007159038e+03
3.360889129186185073e+03
3.376872152134963017e+03
3.374958706481624631e+03
3.365713212972036217e+03
3.369210965300948828e+03
3.356283847965878977e+03
3.349650781608141642e+03
3.357688158082170048e+03
3.358968781169588965e+03
3.372796312027849126e+03
3.363953374520413490e+03
3.366297254466623599e+03
3.364721510896301425e+03
3.358361379406604101e+03
3.365446681181454096e+03
3.347335301696781698e+03
3.356180267737681788e+03
3.346919333186998756e+03
3.359575288730285592e+03
3.358488646615084690e+03
3.363725317149606326e+03
3.360732223755543600e+03
3.362247992914414681e+03
3.369619534048314563e+03
3.358674783527358613e+03
3.368491622693797126e+03
3.357061307473805755e+03
3.358285105187724639e+03
3.360026924840523407e+03
3.356067487874171093e+03
3.362432044632259931e+03
3.357475970638252420e+03
3.360842589496615346e+03
3.359416441897589266e+03
3.361040108922016771e+03
3.357362715058431604e+03
3.361330023743147194e+03
3.358005947269421540e+03
3.361207458536724971e+03
3.359996024131638023e+03
3.361585686907833860e+03
3.362028707108946037e+03
3.361181905957861545e+03
3.364891476735122069e+03
3.360513168494941056e+03
3.364779256223730499e+03
3.360210442355851228e+03
3.361179527627932657e+03
3.360577853196721662e+03
3.356914776200952474e+03
3.360359441138687998e+03
3.358359934182808047e+03
3.360468567409466232e+03
3.361362970918405153e+03
3.361037340071998187e+03
3.360918775460716915e+03
3.360944780389532752e+03
3.360384328054088655e+03
3.360066860246168744e+03
3.360916839484851153e+03
3.360057232785048654e+03
