0.000000000000000000e+00
3.144001585850944025e+01
0.000000000000000000e+00
2.148225747826884557e+01
5.122492925536081998e+01
6.065784938499430012e+00
8.545283253564508641e+01
7.945751620645592084e+01
5.477988974862168448e+01
4.845945473309759421e+01
2.287893180024929762e+01
1.135504897397392057e+02
1.427241847981054832e+02
1.127200320561270956e+02
1.218085502394019102e+02
1.810328888758676555e+02
1.298731601081827307e+02
1.463012288912873373e+02
2.419295471403878821e+02
2.178766075906201536e+02
2.171094350063164029e+02
2.725588120933083474e+02
4.064917942450928763e+02
3.010859557195948923e+02
3.145084634520185887e+02
1.042365053248926188e+02
3.660631245495336543e+02
3.669922463674967616e+02
3.402120546099645253e+02
5.000000000000000000e+02
3.712022830696533902e+02
3.713357978119269660e+02
3.987579105600456160e+02
3.634455610508777568e+02
4.160615859377659831e+02
4.831333533560115825e+02
4.999999889310342951e+02
5.000000000000000000e+02
5.000000000000000000e+02
4.506938782967147858e+02
3.557993953999105230e+01
6.503624201410488581e+01
4.083822929336552079e+02
4.494523771853945391e+02
1.716271151463566014e+00
2.173561763597058984e+02
2.458251142299784533e+02
3.852367554252597870e+02
3.809058467248005968e+02
4.230812147631461926e+02
4.874947267453482596e+02
1.024598305129158859e+01
3.902517570300778260e+01
1.152915232187740742e+02
3.436837922453539704e+02
3.599727317823318344e+02
3.960741276589261588e+02
4.939399143824408611e+02
1.379261550604088029e+02
9.576294993687864121e+01
3.650818195788037883e+02
5.000000000000000000e+02
3.516161297970335653e+01
7.814379225563662601e+01
1.896900987162488832e+02
2.749053412837712358e+02
3.079228788164694492e+02
4.122176283628165265e+02
4.956186767247583589e+02
1.273163562559919448e+01
2.063128817268363662e+02
2.430244282650232321e+02
2.428796227505485206e+02
3.598245133043804458e+02
4.446197973388092919e+02
4.981966760512487440e+02
1.457113300493584518e+02
2.446953256991861849e+02
4.150496783126244509e+02
4.765676934509131684e+02
0.000000000000000000e+00
0.000000000000000000e+00
0.000000000000000000e+00
3.029635790278408081e+02
3.038465849805091352e+02
1.679381844526537293e+02
5.000000000000000000e+02
5.000000000000000000e+02
5.000000000000000000e+02
0.000000000000000000e+00
2.647824692815858043e+02
5.000000000000000000e+02
0.000000000000000000e+00
2.282621815990716527e+02
4.792102747851212712e+02
1.020080529962695692e+02
3.428432502513705913e+02
5.000000000000000000e+02
